96
847057458 72091602 402163823 657601613 2014672727 2146625732 
1899403234 1541353898 297702766 1978448467 1728045851 919197751 
725721368 945666972 224043726 337114654 57113544 1903132850 
1929365215 52084699 280603926 1687381561 1516089792 142227989 
1270111676 1814509729 2138812745 2017814 1372058365 391913828 
490686909 71632174 464005430 892850732 729233786 331194508 
891992815 481153371 1872548405 1189695580 312118189 1453110607 
2108893330 1037839556 251293930 185453408 1374954209 308407474 
2088586257 1156835776 360492172 221706534 696733688 1876581964 
363934522 1966845363 1543608044 355263618 1968863176 768182760 
747177446 312066437 839814933 1211182875 1204917168 1569048718 
1542377382 2096909982 2050202088 1267442139 1139121914 214836628 
573069097 1100531595 1252676183 824363027 1285985002 480146744 
1132770500 1227087610 1636982519 1493262671 1448794143 186232558 
1222360986 1812728664 5594272 618485381 20508634 1974457447 
1386668140 767686079 139040235 78999424 1978868953 1343957402 
1648048141 1373762686 1293383736 1550766580 493721176 285022001 
1765603207 1066790273 1385553595 870795742 1891153299 524054949 
1350942485 876440150 1751142558 840441355 222219172 1052453053 
1026673912 1444580158 717698068 1032268183 2063065538 738206701 
859241981 1302250030 1505892779 998282216 1381249453 1337278083 
194755969 881813946 563557121 1488139704 285096877 1057278296 
1773161704 2050700084 2124068568 1011231651 774012177 1867738218 
1535286599 2124954661 596694719 1138945508 817912367 818913891 
43914912 1844586278 116010400 761612980 729370812 31592289 
1499819680 1588612792 1333842318 858228811 439411359 567608123 
48023245 634167328 1449422068 611580365 2122307031 1734518944 
1668858661 1747985087 1637735379 1645443580 611733089 264263907 
1365698150 2147019687 241734919 1962392868 1138481546 1059647285 
633823110 1182396458 756749914 749833509 1944009437 1486120725 
781425798 1296345468 927249869 2115268115 7090630 1366661227 
535392589 55113875 2000828554 1984814656 666694239 1975651937 
1571849952 188069251 1576153375 1062101682 1833512831 40402815 
1326365589 1051727332 39938853 1568100507 866636551 1178420398 
480264144 1500459661 213333207 1237014057 102809521 9858995 
575651134 884235318 1306204463 1502901002 852019785 1313295092 
722078580 1387412373 1368408966 575423486 1224743381 2035103205 
403591774 649109684 75688807 1979745148 1711211365 1909201637 
2020147962 890093305 813445320 2060086814 310710164 1680081871 
1091023563 790974307 1033057883 1304356770 2027988363 1135867403 
1314215764 456155848 2020102721 472936578 1959056849 724638857 
1786231670 533651781 2112051229 1007156987 1109075266 1189310961 
894776543 1512667039 1838420644 970465350 1344928538 1402148361 
732183338 1217592851 144758017 1545628658 1130196016 455468180 
1078226880 73735930 1246442486 2111284762 1378092699 1126947201 
1099668516 544824815 1583103048 972287588 1017761392 1394676249 
1696926444 656509413 1928328029 1661494025 1663666400 889919646 
703321337 410959294 255103036 394258333 1381424643 1600031573 
1796406693 2113607981 670140775 1941164709 1511752990 1800336790 
249149241 442496221 1874072719 1495591726 406297334 1104681770 
475055278 1505965849 1649506584 2058158326 330769789 519784327 
1305350926 2027696232 1176293740 1086195306 1541706608 692476491 
1976114951 97544297 1103435784 83734338 491802629 337376779 
1683765910 140725673 303501111 206423036 2081890381 1815254100 
2006759825 183555973 110266672 1733348895 1679147699 516564005 
690547016 6719328 2022529853 192569951 2064877653 205815993 
712354278 1222744930 86028577 1888648017 161456587 1627735184 
433640859 2137571537 1725279480 1537076642 73822226 69598460 
1874453420 1757588135 210324132 30470882 1964011170 144730865 
1845724981 1823287346 328286837 1955991652 1409152593 2007434535 
325072008 2099699608 2014153863 200118213 144785911 1931547867 
405934205 857140188 1006809149 491962781 598304556 1168265735 
2119697965 1031945414 1158353624 1697493796 421538407 1232175849 
1767092256 148508179 842280336 1977416387 178979060 658807857 
2122147251 2024704041 334611555 302950440 1833212044 1743764147 
162901326 10800404 1695980106 29571540 210918616 1840766016 
1961119407 616852820 550422555 820444907 1108815601 1148727110 
1988710641 1081029917 33188875 999580616 631040064 454727282 
84272817 250648671 603235460 926553152 80581410 782214519 
1585361008 55245012 659434911 1919972562 358195451 345163307 
1516253060 521096777 355963710 1064749518 550668316 566882325 
758031885 364304074 1183735144 1308454440 1184748980 145067096 
309697901 1025975973 1226097012 342886776 2025556588 1857137076 
797614057 2109829404 2107785746 1400849516 888898907 40883507 
35580386 326776267 96128519 695015297 99265180 454323969 
1040178603 1615518240 975420745 1396142312 532784109 1526089061 
1963024636 1290815993 1890393134 999276131 451786784 927658466 
1144343227 761484685 1953634438 222956590 1104371460 1831707377 
2080093665 1901985516 1794053133 2040395763 1155351383 535468391 
2081279269 1190931768 862244657 29924139 1885947064 961509837 
484248108 778642018 429544428 1459668852 27300681 962328536 
838274264 1990325316 105660880 581183750 842117799 557447664 
1508842215 1986461025 1318932348 1314993004 61933966 275820159 
999216732 2142027631 30322026 645786216 2034939745 1185673408 
1181254607 1968735365 229121527 2043499263 1998659504 2115068591 
857525451 335423963 746226960 1287069878 1795092814 773527641 
101914765 485883430 616369308 207575645 1067067179 1458487106 
765023308 428425745 1297464482 2083955655 1743418748 1359398448 
212292165 595151831 1353942430 242614190 1240938047 1241398526 
1428287597 274709005 1062650242 1657409123 170724619 913826097 
1624994065 1028250070 1249250059 223737377 167836299 896859225 
997265017 269751064 1382742654 1613634324 477326708 302326184 
924637782 1242350015 730751928 74618615 1178822021 326687027 
1434017062 1391114185 921838857 640475843 1633728374 15293255 
1881874368 914532322 290002259 797040962 424457796 460726878 
1710867058 2049451861 1488976947 812633469 125705589 1656813245 
1709492693 1122970605 1926564308 944751698 589121280 256407367 
1247077881 1513759061 1498757381 1977829808 1588377676 530095753 
157033186 874911089 1921209937 1078872042 1515386932 1407454662 
1094165297 1249777651 174503335 1384167555 2046818612 598961131 
1844894432 1610202022 500929343 1186387730 275351842 626634931 
695717327 1984844534 1749605535 474797986 782112583 191243166 
731205353 2029190463 1705002227 82479085 1859536622 1145896254 
612574838 2016569807 2020807342 386301126 947958200 1388710625 
1793755788 2042123496 491004628 1968259122 1278807403 390339591 
419736604 976218186 2000541612 920665946 15122268 128409805 
1547300876 710839594 2113254338 1149422762 1185637579 747883272 
1340665928 1916842931 629590086 898184506 1999322016 341643059 
2044080759 464413205 210729217 1917404452 850714330 1158687417 
1158631429 496986469 1053327264 1649636056 317761943 184651018 
2039975646 737498546 1160869204 1893033610 1658164492 1175991471 
2021443414 1057981719 1886831064 1987214104 59920833 924984994 
587613727 1400586760 694344277 1217203813 151287617 546182644 
1558846871 47884727 1010595848 1769576088 1965289178 1861310177 
780779856 976436958 210812998 1834107119 478589365 528574940 
2018758137 371081363 1266073485 1032143692 116631324 776754328 
60651514 2138074737 1834736047 1947482577 1977805192 1894656879 
724983922 417935271 1147759990 1419328198 1635139083 1299047606 
1965510841 1046502305 1346932332 828623040 668594744 1164737861 
542449569 1449374599 2141174819 753262566 1135998070 472280535 
1281837505 1007272558 843361897 400427341 2039416249 959993220 
1177181669 2100067762 950584309 864434067 1900066690 780905852 
611607297 477566963 1198841122 1759367286 1896895161 686496556 
910931243 1714922353 1732998861 110379926 396061745 254109956 
1275117786 938511313 1703484555 1268808956 1691773878 691998976 
1741089491 826127734 1699271533 436967739 1226555074 1591204133 
1396960959 256253094 1543788246 200061619 1120687160 1296371287 
980967470 1732294456 1773938249 32324944 1344178093 1523349761 
718821499 107625687 1090788466 304336711 218005612 1486850210 
558446667 1493123398 277877874 114447573 614448705 1969651751 
806446548 208054547 648295836 358234432 645022286 1874850909 
1949438564 2041983244 2131104003 1345743161 94561214 1104307514 
494630799 1075528683 689118322 121085399 1107853626 2033296414 
1644435160 1826675125 2140922101 587739977 2131011835 211444064 
2074590186 541974853 1704567461 204984411 656422425 171532518 
27152513 1462868972 379587064 675448348 1821103403 1024609349 
402815608 1623058318 919108944 386435962 821317830 1013670157 
1490743476 1315948628 2089198840 32378149 1437034027 1049568817 
2065674562 933985538 728760293 2059113014 1521725514 712288480 
123073430 1448832051 1254263332 1827640890 1653816461 1910685757 
1999173407 1680968973 1226071080 231276823 208933672 899690835 
1255886171 611749279 375265504 27511467 998185241 1196583334 
1041181623 341445068 365048313 982896814 373823216 1802082339 
2032465631 292014129 588584228 613742275 203643495 2110309741 
1326030754 326716924 1411658143 432810438 6874165 917990955 
196012546 2006047572 451476279 1422083625 89840746 660409950 
174290811 1345726916 1272159229 549556315 1373238382 122860821 
1746139648 266936357 464305888 2111187960 1249833170 838129103 
1765786651 1134815152 1130143231 206887230 1748557427 1333786725 
169713323 927104532 1660503648 1581371465 1359914969 1667377813 
351878772 1555927514 1525941736 803355050 830527491 1615782481 
1463765000 1004818301 814025748 588440580 1554374615 39780482 
711301400 1153030614 306716838 1175607287 1116734926 1556550007 
2013736389 735037928 543881511 996395971 941925157 144955289 
182699048 1111638479 1072059820 1843202695 545526296 284491141 
1363096859 897405067 1840418654 741554946 1700760116 523462496 
209853778 1017041467 1528280797 1023879526 1605482046 935171763 
1063660007 169299797 2088202377 1370376844 1344907083 1057453654 
779443202 1211159823 1792491581 1323324712 60072146 586933089 
1468280000 242771193 1698571568 392856172 2085973887 96614215 
677347312 1301587098 994019281 370282317 2043142043 547295748 
893744813 105512173 1564337215 274541961 1129391698 1022335612 
1209713723 45568056 1191635409 1150432451 1415944899 389058843 
60402456 47904452 1600218666 1852894036 1371229164 1660290811 
292343477 692025515 1903062003 1990915044 1084881686 1841552241 
2087529258 1762228997 995655690 934064890 2132511314 891314085 
1481360637 878772478 996826257 898214203 1153314438 2126217954 
1920549815 215544512 24302361 964701575 1365976963 1440247259 
1353760417 1426379418 1488151710 806495434 1131789806 711897225 
319302596 1424133282 1403922740 74880950 1267564677 341320777 
1916433191 1207610286 2103549774 764605232 2141675175 2088577439 
1655919316 1475552163 819866268 505261924 226282718 1973180705 
483996229 2146832532 41241568 508298589 964050458 1407218530 
1948545847 170327226 686114300 1289213909 976822660 1817904105 
2001111133 1296125255 1094553738 1257550224 1371006205 214634766 
1598871001 1139955747 1422245051 1554937126 1904560978 1416436577 
1496030916 1412996646 744505091 168413535 1918258569 970787808 
2141594239 254771150 970136691 35352158 763069738 1934187148 
1442570688 564131937 2104514374 2128684987 1853345845 933853385 
1799105443 1706973329 82494991 746175532 817039905 1453501195 
960810297 268427257 445973293 235571699 1823364382 203050623 
1652008275 1171911649 1616047268 249029717 1340325183 1386822188 
1219817525 1334435773 1641593337 42470567 1369787930 257179427 
1976657715 664874969 821311363 1933688440 646076307 527173559 
720058176 297698101 86663239 802553166 1043873632 903703143 
108570713 2004683928 1172130399 554544005 92771978 848011132 
757594627 1744780252 2019922780 226158246 1993809969 1212764314 
1612980434 1066143845 399716438 1107090122 1108614411 1769504368 
1364269548 937788477 286895688 38097262 723993268 932971995 
565270820 1444051443 1230670095 651934059 99120961 127060079 
1555637201 207691673 2131744006 580283952 762235677 77032336 
1428295083 1519830304 1821812587 1300734215 1745988549 1668138907 
366014880 1211485334 586799103 765731318 171091808 1695413514 
387752037 1535361355 485718342 674647724 1573458617 1209711610 
1607619718 2138729436 506279404 690806165 643179846 605400364 
817866243 51333399 813092036 802126600 631617350 1575327713 
879158935 2059912432 947674368 553487874 1213162998 546179268 
74143132 1579177878 1757664602 660942235 197425547 1928756409 
208872100 585177583 1316634115 694590441 1259825306 742609083 
1904302050 719961376 733854871 263097806 1410767540 1377034716 
868498169 81150134 1428368114 1681590205 883276733 2059985463 
1109434269 1762435668 1972414247 2057108636 168439893 1038093596 
455804255 242583024 469787825 65985208 903525258 667213371 
1994741616 1112397357 1252390953 1163892083 1806987798 364732611 
1906501165 1563806199 1084693986 492872387 1826904004 347977877 
1869907103 547918525 429128010 1150791568 82025081 1312404742 
1063293383 1191459349 927356761 888223981 1101084336 1095796653 
1926317576 1556888590 1338379677 248621753 1622873798 94421286 
915835123 1470131765 1206818643 20742428 486540199 866322792 
385475038 245557716 282645342 1470169023 738430102 2109549346 
1818146899 460853556 509984222 99791260 1611645124 592009302 
1412196001 527454858 1783468650 192069114 1415678838 737069337 
1287865766 1194512765 146474278 478761794 1443134517 1769348075 
573183080 211485992 1091996192 1780001722 232228419 1578536390 
498840865 617703456 1824094105 781486206 2087872478 415040559 
743551903 1758535728 875894114 1253536124 1858326987 340055589 
1845545425 1123039339 867510446 1481530426 1315108452 135705635 
71116114 455490570 1330218400 217590392 934252363 625869268 
1986938466 1507435442 837355259 931451009 1139953515 1069583677 
362503751 1638794379 1687287132 39114207 272796937 1627675961 
454154765 1016348839 1238728040 1330048879 122401315 949571378 
1670104467 1967946739 2072610717 390131265 1301993517 1240235520 
525836899 1373109630 1695726089 1856055298 1590700021 482494804 
334440918 1430154839 1989930245 1171796176 214122199 982400112 
93896205 576625949 473710842 1781183336 615740156 746507778 
1261375649 1069894920 1762856617 352620040 252460150 1885257931 
1302191418 1922564617 1705721021 1227318486 165212233 860230889 
320070357 691049131 85856871 2015796446 399620781 1676556891 
350807601 734061698 959228081 193254197 1905857873 1173350280 
1175654308 1999754077 1749976228 1649365150 1633453765 218232735 
248389279 747345765 1288127655 2011245895 1099965804 1540587804 
1749020177 254673573 1315668772 1307257550 1481992058 1480881004 
20004790 1802062415 24446487 105861660 1670375212 424067267 
1782418551 2021182812 1158128964 594162983 66953360 916503188 
1767513262 1242607668 768773617 1370005842 744489169 254743733 
1588238576 992878447 1002089497 728882582 856640694 2102055300 
121986738 458177222 209245225 1437655509 1765434771 1691237282 
771052865 1785439561 1345816048 795499351 1891301220 868707611 
1219566617 1526236122 742406774 230211932 2120399105 809360134 
1146715119 1740428718 2051967801 1915488735 962950911 648973321 
22748819 403705839 1641851767 1024838315 1132588420 351008812 
979409967 1254575157 809186034 1188655191 544747018 427137156 
732408824 1315799882 65093068 2078224872 2111299232 1956394288 
799448834 1183382200 1335146761 1541855608 1413594131 1308062217 
203732093 412825601 901007287 108216245 180830688 1863958197 
757189565 203579506 120180387 251557683 1228417821 1252768807 
602566495 60344139 359860315 1411752528 1248999329 904607332 
1838889683 1981408152 72923565 1903982751 1912149375 36739148 
1712893390 564114561 1220121347 900556502 2105970168 486231829 
61135071 162218612 899057430 962142357 270434856 1079888117 
678616905 1027624420 1283467622 798797292 1279182102 364401794 
2051566098 1881748596 424745932 263942764 1146017475 1673745260 
1168550096 837423510 1507669764 1241473660 593922612 1272335490 
1278212808 159332353 1836450050 350850506 1059888854 1794936569 
837082335 1121023924 1957155180 1736139764 2083166280 80106387 
668544232 614299537 1107730806 1952011853 1413096828 239429260 
168929999 1317179277 2121177855 593675930 1581122040 1119711682 
119937542 602188487 1957135191 1627607305 1843662147 403574154 
752459146 974391306 562906506 441425548 1325241811 1622795359 
88878468 14840497 596335635 2046033648 1750980260 532018266 
2126140034 272040843 1146317802 1086387192 76569048 411930981 
1325816451 245499046 1729110257 1299510657 839174975 1162748649 
271738690 959112516 1764937135 81390232 439236172 1461115633 
484964385 1191695318 288023290 1047870890 1633120865 1613265101 
523182601 1721999332 1628105597 1119518235 1620549331 1231602209 
1651536500 1599205717 1503643051 650370654 538109260 1580212098 
1062301634 1863925710 1825711143 643928243 1015952718 517402470 
1806676891 1287691408 1476514985 1424130377 1369081639 1915751157 
737762362 1854046024 959962826 1025785651 754433265 445600042 
491567103 1277615865 20115725 2119672700 249650451 1640665056 
1203791260 1901186951 1092387124 559950662 404073956 1630496383 
2140162760 1466375589 1346938444 1818390254 2110303831 215407513 
188309075 1769497073 1503098920 1664824060 1046143802 724696911 
1433091568 1783906163 431259286 245570745 662208165 1185692550 
691170786 1153775268 315824767 711286510 1125964319 565475217 
204467917 182271930 319178519 1296855040 742222591 723252474 
779867774 734901702 42144415 2126806217 405808308 4964597 
194730082 594117382 1774461670 1697829001 111457793 673121823 
275042263 1544549360 309544337 706301548 1790120104 971752501 
1891994098 333807241 2125527768 60335216 1045093751 1104008438 
625810432 1249561667 1286280367 944988951 398933059 2028502958 
1668241424 1178800832 615921011 1710385838 1158123401 1021729318 
1715350435 1352853482 1615846700 1342328456 903198834 1727304492 
2015450278 1178241097 1124370204 177510966 1884542644 767006659 
1149263466 1629053093 1100813900 1127307586 1689388308 2145907650 
83832375 167715092 1247985668 1370112742 1112704042 1646918726 
1251132051 633461817 678235910 1867053061 196364007 1836359310 
741298731 1911714441 1041729143 209661782 1106559248 1944927976 
1936966273 974525877 975685424 913852828 1152036842 712744420 
1680859487 153816659 194313864 634189738 1281124244 1883702172 
632613739 1364956619 2051417263 1880599406 587585712 1016637656 
1380034484 1838717762 1650099472 2058270393 1558287174 1846463478 
1747146054 152102256 1610694270 641391548 361764037 569769869 
438835875 151246662 1544295745 1414521299 1065099489 548848938 
2127265718 598475327 702665597 174095933 1232665064 1983789840 
2057798104 1865278802 1201262810 1961731718 1598394560 1788848521 
830885725 830945395 1480082634 333501549 741732139 890886160 
32481378 341394544 1042988415 1643175648 982786091 1404752452 
65461868 1421621965 1555999113 1609757613 688659615 473614953 
11122902 668441684 1072090280 713788498 842537617 157271695 
550094690 752852072 2022550497 1751357499 567100142 1473461408 
1392722372 1397985866 156923154 725321357 1731487414 898655292 
1616207516 1763968792 1240049835 511712283 1259660791 75352277 
1916464734 1325122658 1496974241 1324980198 787396622 38150208 
1798595150 798519524 706591891 723201781 1512308021 1549129507 
880473476 2062402710 154497931 755540324 1666276561 721598072 
81518083 911515284 2119583937 238441236 1636836640 1703587703 
1137096527 1105560508 1320072846 229662713 1617272790 432249988 
305014989 1386253875 1757372645 1801989229 563750424 397285619 
1840139436 214861925 1195805142 399247679 938063706 560629514 
1948377185 1818537181 475548576 2102875115 426593856 2141825136 
676989538 508111938 905856771 649089827 746553173 395209762 
205193881 1883649699 1500770269 1525266726 2113312411 970559410 
1957516713 270843751 209329636 1567405709 2072832979 773080059 
1964691327 1765488767 987941984 1013012820 17252797 1926005689 
1573642334 1965629981 1597059221 2049190909 1921021448 2023653076 
2043532396 450527337 384281365 801905518 1099617163 1130834537 
1197115279 1304811043 867000587 550401900 682594120 832829349 
1520961309 492627184 1103673099 1730290945 2060032893 1029022429 
355887355 1877240571 647027547 1343829338 742769743 664280343 
1122351378 168928428 482426676 571926950 70635688 255964475 
448096377 2114168083 706491811 832377741 768589952 1806108974 
1963212277 1965705230 963436368 682729215 368623481 1646030488 
1515558563 1889584790 2138657671 471748013 1472392086 2051206915 
1500770442 1828279440 1780963838 314340 1024625130 376249932 
664594683 2146976507 545178359 1147021358 571419809 615814046 
1402985832 1019516185 582498480 2109477642 1851893926 1351088431 
1768102967 1667622554 1169310012 584055687 202868121 1537933493 
82602526 1718426683 1280034634 73776548 42691048 604943071 
2124983463 1543461489 285738862 1758463652 1543775828 1310363991 
2134713583 60886862 1309856850 532408293 1207908219 1881276658 
1148222338 463410402 753309194 1730720817 425404396 457719471 
934325599 46023714 2125342025 2103635610 630079400 180726497 
1494085454 712681925 1899153179 626636439 786458473 1941844226 
1231579509 763958287 1337822066 1517318371 374938290 734114246 
680198713 362168224 795001107 1990055562 894576516 2002909326 
1723848571 2042798853 318836079 329674117 1626036021 744240474 
787393587 412877971 790264188 765251963 369029932 1420343587 
945978459 1863115386 2133025512 697647990 342268176 772000336 
492008567 1573847685 1535958622 1829830633 943682407 1910896911 
416461230 1623881119 125581486 1211462336 1466453033 1020158001 
1066888013 1042817955 915473205 1385724092 1372492071 394025577 
2129964565 12402010 806903547 772745104 777653972 1175933478 
45605043 1723632431 891565215 31146906 273796772 1233833391 
803147241 765805338 660197427 191622214 448152322 1603879833 
2102519124 864613551 1080277303 80616961 2076075887 399246687 
1100774961 995480251 1442064642 2016248165 233720694 667073064 
262790093 216201611 679475073 1069693639 988946714 1457129045 
98143468 1034551756 1033277827 989708683 1065698661 1307074598 
76058425 1868845901 2072879935 736255851 2060468114 373548609 
192652035 2015503589 1238162159 1272929337 2096120549 1166754397 
1672176024 1049411861 14751000 966757017 918176377 248471693 
1633830080 1180966469 464673303 165821505 103176459 1453620017 
1622950549 201319927 340688124 508744727 1191028609 1406386785 
1815819324 1267087033 1127749037 1741215610 2003342883 1040733503 
2114764218 48511269 908753443 1205442729 1321440605 857390344 
224713477 846132980 1906802204 239464476 1812889996 677494933 
487936169 1299236428 1858461401 952609471 1465057932 1961637860 
258745839 940524832 15474138 599433963 1449269558 1206502746 
2005820747 1117605233 326106130 986086135 711337194 181965364 
2026819637 678617764 230476632 788089432 1884060492 1551917236 
1645479775 2108773968 250566568 1404798330 200754796 2063456563 
2082293262 688690964 1215209342 1793271015 1641300434 532783625 
1607425226 1900046273 1473308456 1622899363 351996587 775094365 
681918460 210333685 1892699597 1008024589 1196419819 456553143 
1189989952 1075755808 1135170906 1420466583 1863845239 871747749 
824900170 1361841365 833038068 1075466737 619156046 1033792863 
991439652 553965660 1722483826 59165345 199753026 1216300612 
591948970 1807178251 968863236 2065257425 1282593965 1320859822 
692868142 1964512424 1531193506 438084090 825053364 580129676 
894637232 2015043315 1655885483 2029808137 1288026249 1372247073 
754072237 2112926418 586604789 1587110305 1040909507 1205760835 
473419519 2032349158 1759726494 48419697 2091514502 1959479519 
1264720308 535979823 1619174121 86099895 453753600 754284437 
1406959716 1146621741 571313212 790669573 1584705830 1396366575 
1370799248 331859414 1263926241 879201083 214183902 404468841 
103964507 968256139 369911610 690569296 407882795 1410821116 
1896330130 881302313 1295686625 1508572975 929722009 1239717479 
1320568845 46958668 1775697301 792259317 133058562 81967252 
1546543753 1540018277 1228588992 2117856964 183204201 665811174 
1366739890 1554003449 997670587 483182482 285720883 1211854488 
887651322 389685389 32626978 1257562931 1080254684 440509772 
520900399 829101165 1321812085 1816587023 190190491 104050445 
908820853 1510759335 151009113 537034506 155535003 284067674 
619001757 1702078755 1824085951 1847590749 1672452070 2007290151 
365918274 891708311 1413809951 1363588860 1374890792 1699530833 
427959699 115058465 2089216222 460586677 1372621396 1021987257 
901096448 1893521794 1851088422 75424884 1562625168 2041278912 
179475329 323962373 1404554599 330484441 860996878 1560089601 
614552114 1479998634 1114684708 291154416 1180105734 639653129 
150960919 1546024007 1531361440 1564770869 762129218 758768583 
1116818054 1190088917 873827048 1058550627 1650675593 98964795 
2080537883 404288392 1992486588 1784142656 479713276 1407628107 
1677937920 659188604 1731590479 935008870 989673044 445103708 
347614822 1604225157 1925102342 1462299529 1895379573 957724427 
2101952658 2046340491 356264786 1485830449 1463627711 1118394003 
97115383 432962116 160999271 970942430 1491512742 1811674863 
1069907224 1424566977 68479607 914910163 1061225984 548192882 
175054622 591680255 1207381485 1906645100 1526689124 49570880 
204265160 1874303946 1653796036 2129367501 1189119826 1401691960 
939608279 1143588835 1300548802 1295873064 481935635 616692865 
266783419 579051018 1049654980 427782689 1549993447 393684074 
91973904 472417023 1818251050 160453510 1387327185 731993385 
708646391 1562381806 1323673640 1916027875 1321543258 702879115 
1965598754 1525808417 429699412 1471911141 1507692269 1618819238 
726119453 299816899 614924424 2026668254 1595689963 1096860059 
495877470 1862473381 1675911076 1545532450 142772421 1078420874 
1939216523 234746324 1550837896 1609983924 395199833 790681433 
194493660 1103846223 205579590 1518167299 872390449 1527122847 
73562766 690505554 905447615 503262177 14933047 265656235 
2122081414 741052499 565473134 589522190 620237104 13679448 
1686382248 1116114574 1876152828 1214809675 514163375 2018925248 
145746900 305896249 106187924 1696584796 1915880172 501387756 
339782580 2110373831 1605233979 545362169 1481057482 330140779 
2072485016 1554620247 1020646333 830448982 2057882423 1035579379 
1096105217 2032480189 1776631877 1661578350 474518730 249385332 
1675257797 13417329 1365499905 1403926976 1228227003 1879663279 
1275368575 1373973902 38075879 1381556498 923075049 1953956050 
1882944254 1262857628 1916846233 1340694584 1808219797 1250420066 
1670835362 1733221164 657556664 543998046 416186497 567955438 
1579577424 1512291713 452951978 1208725652 1026386414 927470707 
1458110984 554160562 940888035 676127240 1958087537 21631389 
408306871 1085972464 1395605291 446382749 320045313 171196691 
252855151 55505918 1434054319 22217735 1396200501 1094790467 
1272637800 919552215 680527982 1930194463 1463550260 1096714478 
350666252 895644036 461522543 803618230 2104369687 1487908956 
1731088936 1414997022 2042069518 524493323 2091124262 1852673406 
546124711 351947484 791162221 1941730001 798330232 1111207534 
2112926692 1051185382 1166713451 1399497362 1073403116 415430304 
346804180 198557267 1334982518 1027332161 2128751729 651049129 
2124046638 331934333 1546693164 438085532 1135552562 1503579203 
1925994488 719157849 771092576 1820580357 1243651171 714733189 
1525770114 1789775882 1066680672 169448687 1584022234 1865010904 
1280656220 1549465277 768712637 299886022 801478990 1842115753 
715316325 1148283169 2040673019 2050298842 28131681 2021941100 
553864323 4694671 206391784 2100557486 442780202 1341944345 
1456653040 221291041 2061102193 80261968 2041871397 1157269716 
794995156 1420157863 799561949 1861675828 1589606549 236100534 
1579203083 722779120 1785565811 200432071 1022665141 439561152 
2042547823 1737981466 1587844321 1935737194 1640796659 1615976001 
1810194645 47177333 1620670671 2016586428 251171 2063450873 
1211047124 1456904210 137258265 1124665668 1537166177 31646014 
134451735 184677685 1451803876 934013683 2046353512 893926776 
1170114217 1478072946 1616705895 808196379 1678505016 491887387 
1247757530 1573569191 82385204 688118202 1361822736 1723181863 
156610555 1024533732 1770359195 1777281225 893636511 1770610365 
1693248449 2104683634 1080030927 1830506714 1081865653 469713455 
1862152727 1216317388 654391139 1166472954 2847422 553261002 
2060399729 1172961638 2031333947 1529621975 1981158016 1562355315 
2021509361 1081431898 988440857 2103894565 1769550099 202779944 
1679592779 1926160653 1227313675 1302468325 1555958230 2120950185 
925595042 1101723030 2078150170 2005625968 784746095 1012532174 
327855774 499415173 81365913 982246913 1665888126 84213335 
1535507914 1578804206 1257174972 1419358213 960942532 1090849340 
834229879 834968245 24797589 1822670735 791379161 1794347687 
2025450678 323488291 1573024692 1105280704 1625956615 981499273 
1078747240 404068008 2083222302 1009413761 262210327 720484749 
2021945934 590066101 1219899921 2103311847 1572313013 738304399 
40041533 960337278 169624956 1297216504 232211842 1130567488 
240582195 1066441720 1965535732 265379783 741628806 609431244 
2059727470 619595835 932919534 1485268513 1724876538 411392500 
319284137 656140129 815460508 255022790 1665553889 1077670834 
975507538 1540016175 1667736934 47923811 1495844373 1092566298 
786228209 1535885905 2052903576 955853164 685618760 137631769 
2086420651 926200955 1204073489 1904472734 1191580737 1945702294 
366420329 1103824558 417814481 1299339862 441609422 2142691018 
1710732362 760893558 651347499 378709221 1015916348 169417739 
1456380054 1991423885 1709433913 976633340 2039347695 1057794637 
2069199637 678092255 446196893 1974619564 1633945419 1131815653 
2112251333 1572882421 2058016607 1168841173 1329871507 1102113695 
967059818 1696291835 58454605 1384874298 848148049 500064026 
1380081668 411396762 1260957584 2031429166 790105982 129390283 
53363256 99002387 2120814167 1762797169 1075635726 2012678214 
673108157 997351715 543286820 1119305050 824487630 29748590 
103637054 789255314 1602631011 14170012 1958096486 785018869 
1116283706 777672656 333827055 1174738310 15063305 1181975103 
1674802336 1395144972 1593371864 788276271 1279090489 235994197 
917666553 1332453745 334996584 890997071 947767265 1410632309 
756191636 1620875421 260500375 1299478456 592696822 1084988005 
1329227045 696333875 1874243318 784374407 710503886 1684856156 
1569393275 1826787592 315045163 1903220330 854042253 330108467 
937711784 381360940 1725253439 383600000 1169637210 856860279 
619594196 2087303762 41830375 954590779 830817185 989597639 
217739440 1587008820 462989412 478239814 739003627 1055686233 
1563227818 2068230672 1752020108 1289987488 705121430 315040345 
827359995 127031057 2141827936 1142405157 2030251386 848386541 
1472513623 820479521 1229747480 1050283413 1204079520 251901042 
1907143692 1823673716 191721155 1948974066 630780846 1022538339 
791088057 848520285 462063511 1254077468 1326760099 1201067137 
162280052 742504268 1121814160 1914300159 2032491755 1826935590 
81856856 712368101 1953966646 76201143 1854773257 1836734383 
924587683 1179803232 509730255 6851515 82602996 1713809775 
258752556 1989746687 1389999842 450473710 1791237105 2020780687 
1473012049 434841513 721817324 1935075559 1688918980 2048577422 
988659047 1851199031 643598041 2110473207 1618015542 528606148 
1789925148 1699872397 1240974248 1596408145 1776073539 948263857 
1285658879 553177574 2128067088 1795389133 560029088 63186435 
1361715259 818781643 2052933122 604231452 1269255352 1696686578 
477528491 594783752 2131528090 1199345814 382375662 1672963421 
1100439587 1371034709 1376678803 1744037627 1334024267 847210696 
125160126 976465766 399599444 1366134374 425390262 28189335 
166914582 1711049140 581366908 147498021 1358954624 1141395995 
210684455 573186235 1960177637 116133928 1177417686 1081949340 
1812820505 1654946176 1676733092 1796864946 706808341 2059108753 
1322344718 1807247927 1282659813 551539873 1403801906 469200431 
1398750568 1528962031 1445666196 1798350012 747612756 1871056457 
1826539346 914527337 1434621948 260422605 1062025357 646092924 
1401818599 1272709812 1219279158 1214512587 1388843739 249213195 
148978278 1054180596 1904159371 1825711369 703561893 463484063 
1737336474 2025906611 123248342 872512638 429962835 1527050247 
1341713069 1828713402 908528629 639895616 1479579765 1656141385 
363468425 1158635462 423185073 1798090372 1419058066 1485210430 
296699647 673393016 610436593 1515978804 1887905602 1999280331 
1765191999 2036883880 905977278 1521867721 1715111600 1609539171 
1985351783 1304964425 1487962133 2108600124 29993415 1917924967 
1488166722 1371706483 1599154720 249211703 2011602098 931250837 
1905353087 227586874 2089886298 181054511 2025677246 1361460716 
1666264940 174893244 2034853731 129217884 1690872048 1775275685 
2128498215 1308580398 1664675916 886991844 682964470 1232303867 
349047366 520832604 389784644 1837009498 481949080 419778058 
1607450816 1970115801 1791484540 1059121888 71843855 1655602989 
1990372724 1977196941 1883189863 1932775373 10767804 1761383460 
1146752440 1677032743 1936276703 1034122523 1806250627 1479665102 
661914559 1787265193 640761851 179106826 526773388 1323726320 
1411410692 875820754 1844558924 1801195335 565346603 179024355 
73489744 25313771 1656507 1864974283 1084435658 73500362 
1373093624 927324733 2050697302 1108799838 712616457 2061465105 
722699649 1859368897 1591014200 511492703 746007771 1249781178 
1991157805 1407922329 889562722 484436007 1587029154 1416336109 
1808162327 850956197 144673214 1505237602 504667884 710019817 
1684261956 578157627 735333587 1685918462 295648262 1819769244 
1759418823 1668741885 599610328 1662632477 630058074 1312226784 
1576613933 1352757722 1024112032 1020144484 1864250424 1770119802 
122442013 1707924580 1030558482 1012004734 44876939 470103987 
280857195 1853039265 1321060184 425530408 1210793218 1825728067 
1135550224 747571525 256402045 1870883810 286006338 552050306 
1543169405 2045425161 73308542 2142779732 1560573989 703366615 
1307522868 989704273 2056124336 184151251 2009848757 1772891112 
1954271053 2132290769 1333332043 837345886 996811855 1378208981 
1307449873 1277669049 1083764597 481026408 1703199456 147074166 
159270826 691266032 894645690 415672870 414666193 1180652028 
967723176 1957835598 1078593540 1041031717 1953131681 491683880 
1744398332 1113170900 1481388152 1653039019 1297322151 1343753260 
1278446482 1104109555 1328560381 464294877 1941455440 177888587 
1842503857 1101421664 1455557635 778784806 1582448071 1011273442 
925858971 1741718896 1702539473 1820504661 9908118 2117205666 
853673040 977631293 1927557615 1932266579 2018663009 1733205647 
276466810 1615577692 698892899 1757854961 1121133063 1996215049 
954124573 252095896 952840955 135201305 716390772 746812746 
313089891 411410981 1848234410 1768647525 1190195786 1283198832 
632437318 2116054756 877434080 187493143 1789075768 887342197 
157215160 495265159 1864973489 2084772774 280048089 1736152849 
1670494772 556514898 1204246893 221904022 166886211 177896307 
70635422 1121010783 429992202 1023476376 1256212087 1146382974 
1770289122 1569301977 1557793954 1471039883 1190465853 600506091 
606755066 1822903170 569077198 1484189145 2010396312 210669318 
224047693 20127823 705934476 2089021181 2104900596 985982565 
1677690382 1627911720 1542497462 734453626 1849815741 1709383672 
912349932 1920451163 682910806 1342342133 796443890 1939122892 
341241458 419249363 1360941220 1899035411 1890289245 403923424 
352057853 349560663 79342946 921135051 1833749807 2089739257 
1131804368 2057797500 2109867080 1837738843 1999335032 2067284027 
676237759 1529541765 1547712098 71251573 116511742 1250044191 
1780635244 1028861673 1023011705 316062402 223720158 1819455594 
107701645 564961615 91221309 1468642865 316513378 1981510553 
1872566288 668571230 183587567 1951909233 1589706280 2017337374 
1894164842 574026999 1927651225 1856548273 264282194 1779502608 
1776348651 940519952 1161560725 1176577101 1011771524 1278072466 
279137643 644923120 159450491 1302149347 960985521 383170648 
974121292 1068687165 948132262 1065342600 389846381 1264645639 
899369505 114929021 1933216869 1082957071 2066838253 1375439500 
952810796 1813519446 1949466499 732978372 1522584070 66265044 
364997332 1151449073 1006784995 1526558056 180542525 2018556519 
657146873 459680167 515995990 816597363 1761829513 1476981510 
1199768010 588467156 398185026 416624 1653809756 788031407 
1265062262 405695612 902960427 1050795482 1488652682 822315031 
